2020301001 67
2020301002 84
2020301003 38
2020301004 53
2020301005 45
2020301006 75
2020301007 56
2020301008 83
2020301009 88
2020301010 7
2020301011 89
2020301012 63
2020301013 56
2020301014 98
2020301015 35
2020301016 5
2020301017 91
2020301018 65
2020301019 95
2020301020 46
2020301021 75
2020301022 66
2020301023 7
2020301024 52
2020301025 88
2020301026 25
2020301027 1
2020301028 46
2020301029 82
2020301030 5
2020301031 74
2020301032 15
2020301033 89
2020301034 78
2020301035 34
2020301036 100
2020301037 18
2020301038 91
2020301039 82
2020301040 5
2020301041 98
2020301042 37
2020301043 69
2020301044 53
2020301045 34
2020301046 3
2020301047 59
2020301048 24
2020301049 34
2020301050 19
2020301051 36
2020301052 75
2020301053 85
2020301054 9
2020301055 26
2020301056 38
2020301057 34
2020301058 27
2020301059 85
2020301060 83
2020301061 33
2020301062 24
2020301063 64
2020301064 88
2020301065 1
2020301066 98
2020301067 88
2020301068 19
2020301069 54
2020301070 69
2020301071 24
2020301072 51
2020301073 72
2020301074 59
2020301075 71
2020301076 5
2020301077 28
2020301078 96
2020301079 97
2020301080 29
2020301081 14
2020301082 32
2020301083 3
2020301084 100
2020301085 8
2020301086 97
2020301087 37
2020301088 42
2020301089 23
2020301090 88
2020301091 91
2020301092 22
2020301093 11
2020301094 54
2020301095 77
2020301096 12
2020301097 18
2020301098 64
2020301099 31
2020301100 72
